hidden_size:50	learning_rate:0.003
train_error:0.0061606895	valid_error:0.005660614	test_error:0.0056432704
